         z	         T	      (NI)	     H(NI)	     O(NI)	   CH4(NI)	   H2O(NI)	   CO2(NI)	    CO(NI)	    OH(NI)	     C(NI)	   HCO(NI)	    CH(NI)	   CH3(NI)	   CH2(NI)	
0.0000e+00	1.0732e+03	8.9517e-01	2.1543e-03	1.0249e-01	1.7333e-09	2.2731e-08	3.4120e-06	1.6186e-04	6.7900e-06	7.3130e-06	1.8236e-17	5.9645e-11	5.3919e-10	3.8717e-10	
8.8802e-15	1.0732e+03	8.9517e-01	2.1543e-03	1.0249e-01	1.7333e-09	2.2731e-08	3.4120e-06	1.6186e-04	6.7900e-06	7.3130e-06	1.8236e-17	5.9645e-11	5.3919e-10	3.8717e-10	
8.8811e-11	1.0732e+03	8.9525e-01	2.1566e-03	1.0241e-01	1.7334e-09	2.3147e-08	3.4132e-06	1.7344e-04	6.7908e-06	7.3162e-06	1.9281e-17	5.9614e-11	5.3892e-10	3.8698e-10	
1.7761e-10	1.0732e+03	8.9532e-01	2.1589e-03	1.0232e-01	1.7335e-09	2.3563e-08	3.4145e-06	1.8502e-04	6.7915e-06	7.3193e-06	2.0328e-17	5.9584e-11	5.3865e-10	3.8678e-10	
2.6641e-10	1.0732e+03	8.9540e-01	2.1612e-03	1.0223e-01	1.7337e-09	2.3979e-08	3.4157e-06	1.9660e-04	6.7923e-06	7.3225e-06	2.1378e-17	5.9554e-11	5.3838e-10	3.8658e-10	
4.0231e-10	1.0732e+03	8.9551e-01	2.1647e-03	1.0209e-01	1.7339e-09	2.4617e-08	3.4175e-06	2.1436e-04	6.7935e-06	7.3274e-06	2.2992e-17	5.9508e-11	5.3797e-10	3.8629e-10	
5.3820e-10	1.0732e+03	8.9562e-01	2.1682e-03	1.0196e-01	1.7341e-09	2.5256e-08	3.4194e-06	2.3212e-04	6.7946e-06	7.3322e-06	2.4612e-17	5.9461e-11	5.3756e-10	3.8599e-10	
6.7409e-10	1.0732e+03	8.9574e-01	2.1717e-03	1.0183e-01	1.7343e-09	2.5896e-08	3.4212e-06	2.4991e-04	6.7958e-06	7.3370e-06	2.6238e-17	5.9416e-11	5.3715e-10	3.8569e-10	
9.1535e-10	1.0732e+03	8.9593e-01	2.1779e-03	1.0159e-01	1.7347e-09	2.7034e-08	3.4245e-06	2.8153e-04	6.7979e-06	7.3456e-06	2.9143e-17	5.9334e-11	5.3643e-10	3.8517e-10	
1.3854e-09	1.0732e+03	8.9632e-01	2.1899e-03	1.0113e-01	1.7355e-09	2.9262e-08	3.4309e-06	3.4331e-04	6.8020e-06	7.3622e-06	3.4863e-17	5.9178e-11	5.3503e-10	3.8415e-10	
2.5737e-09	1.0732e+03	8.9726e-01	2.2204e-03	1.0001e-01	1.7373e-09	3.4949e-08	3.4469e-06	5.0042e-04	6.8124e-06	7.4038e-06	4.9684e-17	5.8790e-11	5.3158e-10	3.8165e-10	
3.7619e-09	1.0732e+03	8.9816e-01	2.2506e-03	9.8913e-02	1.7390e-09	4.0713e-08	3.4626e-06	6.5885e-04	6.8230e-06	7.4447e-06	6.5021e-17	5.8415e-11	5.2824e-10	3.7922e-10	
4.4156e-09	1.0732e+03	8.9864e-01	2.2672e-03	9.8327e-02	1.7399e-09	4.3915e-08	3.4711e-06	7.4654e-04	6.8289e-06	7.4670e-06	7.3677e-17	5.8213e-11	5.2645e-10	3.7792e-10	
5.0692e-09	1.0732e+03	8.9911e-01	2.2838e-03	9.7751e-02	1.7408e-09	4.7139e-08	3.4796e-06	8.3461e-04	6.8349e-06	7.4891e-06	8.2488e-17	5.8015e-11	5.2469e-10	3.7664e-10	
5.7229e-09	1.0732e+03	8.9957e-01	2.3003e-03	9.7186e-02	1.7417e-09	5.0385e-08	3.4881e-06	9.2301e-04	6.8409e-06	7.5110e-06	9.1452e-17	5.7821e-11	5.2296e-10	3.7538e-10	
7.0779e-09	1.0732e+03	9.0049e-01	2.3343e-03	9.6046e-02	1.7435e-09	5.7178e-08	3.5054e-06	1.1074e-03	6.8536e-06	7.5558e-06	1.1052e-16	5.7428e-11	5.1946e-10	3.7284e-10	
8.4329e-09	1.0732e+03	9.0137e-01	2.3680e-03	9.4948e-02	1.7452e-09	6.4058e-08	3.5225e-06	1.2931e-03	6.8666e-06	7.5998e-06	1.3024e-16	5.7050e-11	5.1610e-10	3.7040e-10	
9.7879e-09	1.0732e+03	9.0221e-01	2.4016e-03	9.3891e-02	1.7468e-09	7.1021e-08	3.5393e-06	1.4801e-03	6.8798e-06	7.6428e-06	1.5061e-16	5.6685e-11	5.1286e-10	3.6804e-10	
1.1143e-08	1.0732e+03	9.0301e-01	2.4348e-03	9.2873e-02	1.7483e-09	7.8060e-08	3.5559e-06	1.6682e-03	6.8933e-06	7.6850e-06	1.7161e-16	5.6334e-11	5.0974e-10	3.6577e-10	
1.2498e-08	1.0732e+03	9.0376e-01	2.4677e-03	9.1894e-02	1.7498e-09	8.5174e-08	3.5723e-06	1.8574e-03	6.9072e-06	7.7263e-06	1.9323e-16	5.5996e-11	5.0674e-10	3.6358e-10	
1.4748e-08	1.0732e+03	9.0494e-01	2.5218e-03	9.0349e-02	1.7520e-09	9.7141e-08	3.5990e-06	2.1737e-03	6.9308e-06	7.7929e-06	2.3050e-16	5.5461e-11	5.0199e-10	3.6013e-10	
1.6999e-08	1.0732e+03	9.0601e-01	2.5750e-03	8.8902e-02	1.7541e-09	1.0928e-07	3.6253e-06	2.4923e-03	6.9554e-06	7.8568e-06	2.6940e-16	5.4960e-11	4.9755e-10	3.5689e-10	
1.9249e-08	1.0732e+03	9.0699e-01	2.6272e-03	8.7548e-02	1.7559e-09	1.2158e-07	3.6510e-06	2.8126e-03	6.9808e-06	7.9181e-06	3.0989e-16	5.4491e-11	4.9339e-10	3.5386e-10	
2.2644e-08	1.0732e+03	9.0831e-01	2.7042e-03	8.5671e-02	1.7584e-09	1.4040e-07	3.6891e-06	3.2982e-03	7.0209e-06	8.0054e-06	3.7380e-16	5.3838e-11	4.8761e-10	3.4965e-10	
2.6038e-08	1.0732e+03	9.0944e-01	2.7787e-03	8.3978e-02	1.7606e-09	1.5947e-07	3.7262e-06	3.7856e-03	7.0630e-06	8.0865e-06	4.4091e-16	5.3249e-11	4.8239e-10	3.4584e-10	
2.9433e-08	1.0732e+03	9.1040e-01	2.8506e-03	8.2459e-02	1.7624e-09	1.7876e-07	3.7626e-06	4.2735e-03	7.1073e-06	8.1613e-06	5.1096e-16	5.2718e-11	4.7770e-10	3.4241e-10	
3.2827e-08	1.0732e+03	9.1120e-01	2.9199e-03	8.1099e-02	1.7639e-09	1.9821e-07	3.7982e-06	4.7605e-03	7.1536e-06	8.2296e-06	5.8366e-16	5.2241e-11	4.7349e-10	3.3934e-10	
3.8146e-08	1.0732e+03	9.1218e-01	3.0227e-03	7.9263e-02	1.7657e-09	2.2888e-07	3.8531e-06	5.5194e-03	7.2302e-06	8.3239e-06	7.0214e-16	5.1594e-11	4.6780e-10	3.3517e-10	
4.3464e-08	1.0732e+03	9.1284e-01	3.1183e-03	7.7757e-02	1.7669e-09	2.5962e-07	3.9068e-06	6.2692e-03	7.3118e-06	8.4025e-06	8.2510e-16	5.1060e-11	4.6311e-10	3.3173e-10	
4.8783e-08	1.0732e+03	9.1322e-01	3.2062e-03	7.6550e-02	1.7676e-09	2.9027e-07	3.9598e-06	7.0060e-03	7.3981e-06	8.4655e-06	9.5115e-16	5.0628e-11	4.5934e-10	3.2895e-10	
5.4101e-08	1.0732e+03	9.1335e-01	3.2860e-03	7.5621e-02	1.7678e-09	3.2064e-07	4.0122e-06	7.7258e-03	7.4891e-06	8.5131e-06	1.0788e-15	5.0291e-11	4.5641e-10	3.2678e-10	
5.9420e-08	1.0732e+03	9.1325e-01	3.3573e-03	7.4952e-02	1.7675e-09	3.5057e-07	4.0643e-06	8.4247e-03	7.5848e-06	8.5453e-06	1.2065e-15	5.0043e-11	4.5428e-10	3.2519e-10	
6.4738e-08	1.0732e+03	9.1293e-01	3.4197e-03	7.4533e-02	1.7669e-09	3.7986e-07	4.1163e-06	9.0991e-03	7.6853e-06	8.5621e-06	1.3325e-15	4.9880e-11	4.5292e-10	3.2416e-10	
7.0057e-08	1.0732e+03	9.1240e-01	3.4727e-03	7.4358e-02	1.7658e-09	4.0836e-07	4.1684e-06	9.7453e-03	7.7906e-06	8.5636e-06	1.4551e-15	4.9802e-11	4.5230e-10	3.2367e-10	
7.5375e-08	1.0732e+03	9.1168e-01	3.5158e-03	7.4427e-02	1.7643e-09	4.3587e-07	4.2209e-06	1.0359e-02	7.9009e-06	8.5498e-06	1.5725e-15	4.9807e-11	4.5242e-10	3.2372e-10	
8.0694e-08	1.0732e+03	9.1075e-01	3.5485e-03	7.4742e-02	1.7625e-09	4.6221e-07	4.2738e-06	1.0938e-02	8.0163e-06	8.5205e-06	1.6827e-15	4.9897e-11	4.5331e-10	3.2432e-10	
8.6012e-08	1.0732e+03	9.0962e-01	3.5703e-03	7.5312e-02	1.7602e-09	4.8717e-07	4.3275e-06	1.1476e-02	8.1372e-06	8.4759e-06	1.7838e-15	5.0074e-11	4.5497e-10	3.2548e-10	
9.1331e-08	1.0732e+03	9.0828e-01	3.5806e-03	7.6149e-02	1.7576e-09	5.1056e-07	4.3820e-06	1.1970e-02	8.2637e-06	8.4158e-06	1.8739e-15	5.0344e-11	4.5746e-10	3.2725e-10	
9.6649e-08	1.0732e+03	9.0671e-01	3.5790e-03	7.7273e-02	1.7545e-09	5.3216e-07	4.4375e-06	1.2415e-02	8.3962e-06	8.3403e-06	1.9508e-15	5.0713e-11	4.6082e-10	3.2965e-10	
1.0197e-07	1.0732e+03	9.0490e-01	3.5647e-03	7.8706e-02	1.7509e-09	5.5174e-07	4.4943e-06	1.2807e-02	8.5350e-06	8.2494e-06	2.0128e-15	5.1188e-11	4.6514e-10	3.3275e-10	
1.0729e-07	1.0732e+03	9.0282e-01	3.5373e-03	8.0480e-02	1.7469e-09	5.6905e-07	4.5525e-06	1.3141e-02	8.6802e-06	8.1430e-06	2.0581e-15	5.1781e-11	4.7051e-10	3.3660e-10	
1.1260e-07	1.0732e+03	9.0044e-01	3.4963e-03	8.2629e-02	1.7422e-09	5.8383e-07	4.6122e-06	1.3413e-02	8.8320e-06	8.0216e-06	2.0850e-15	5.2502e-11	4.7702e-10	3.4129e-10	
1.1792e-07	1.0732e+03	8.9773e-01	3.4413e-03	8.5195e-02	1.7370e-09	5.9584e-07	4.6735e-06	1.3616e-02	8.9903e-06	7.8856e-06	2.0922e-15	5.3367e-11	4.8481e-10	3.4690e-10	
1.2324e-07	1.0732e+03	8.9464e-01	3.3722e-03	8.8225e-02	1.7310e-09	6.0478e-07	4.7361e-06	1.3745e-02	9.1546e-06	7.7356e-06	2.0784e-15	5.4392e-11	4.9403e-10	3.5355e-10	
1.2325e-07	1.0732e+03	8.9464e-01	3.3722e-03	8.8225e-02	1.7310e-09	6.0479e-07	4.7361e-06	1.3745e-02	9.1546e-06	7.7356e-06	2.0785e-15	5.4392e-11	4.9403e-10	3.5355e-10	
1.2325e-07	1.0732e+03	8.9464e-01	3.3723e-03	8.8223e-02	1.7310e-09	6.0481e-07	4.7361e-06	1.3746e-02	9.1547e-06	7.7357e-06	2.0786e-15	5.4391e-11	4.9402e-10	3.5355e-10	
1.2325e-07	1.0732e+03	8.9464e-01	3.3723e-03	8.8222e-02	1.7310e-09	6.0483e-07	4.7362e-06	1.3746e-02	9.1547e-06	7.7357e-06	2.0787e-15	5.4391e-11	4.9402e-10	3.5354e-10	
1.2326e-07	1.0732e+03	8.9464e-01	3.3724e-03	8.8221e-02	1.7310e-09	6.0485e-07	4.7362e-06	1.3747e-02	9.1547e-06	7.7358e-06	2.0788e-15	5.4390e-11	4.9401e-10	3.5354e-10	
1.2326e-07	1.0732e+03	8.9464e-01	3.3725e-03	8.8219e-02	1.7310e-09	6.0487e-07	4.7362e-06	1.3747e-02	9.1547e-06	7.7359e-06	2.0790e-15	5.4390e-11	4.9401e-10	3.5354e-10	
1.2327e-07	1.0732e+03	8.9464e-01	3.3726e-03	8.8217e-02	1.7310e-09	6.0489e-07	4.7362e-06	1.3748e-02	9.1547e-06	7.7360e-06	2.0791e-15	5.4389e-11	4.9400e-10	3.5353e-10	
1.2327e-07	1.0732e+03	8.9464e-01	3.3727e-03	8.8214e-02	1.7310e-09	6.0493e-07	4.7363e-06	1.3749e-02	9.1547e-06	7.7361e-06	2.0793e-15	5.4388e-11	4.9399e-10	3.5353e-10	
1.2329e-07	1.0732e+03	8.9465e-01	3.3729e-03	8.8208e-02	1.7310e-09	6.0500e-07	4.7363e-06	1.3750e-02	9.1548e-06	7.7364e-06	2.0797e-15	5.4386e-11	4.9398e-10	3.5351e-10	
1.2331e-07	1.0732e+03	8.9465e-01	3.3733e-03	8.8199e-02	1.7310e-09	6.0512e-07	4.7365e-06	1.3753e-02	9.1548e-06	7.7368e-06	2.0804e-15	5.4383e-11	4.9395e-10	3.5349e-10	
1.2336e-07	1.0732e+03	8.9467e-01	3.3742e-03	8.8179e-02	1.7310e-09	6.0537e-07	4.7368e-06	1.3759e-02	9.1549e-06	7.7377e-06	2.0818e-15	5.4376e-11	4.9388e-10	3.5345e-10	
1.2367e-07	1.0732e+03	8.9474e-01	3.3793e-03	8.8061e-02	1.7312e-09	6.0685e-07	4.7384e-06	1.3793e-02	9.1558e-06	7.7428e-06	2.0903e-15	5.4335e-11	4.9352e-10	3.5318e-10	
1.2448e-07	1.0732e+03	8.9494e-01	3.3926e-03	8.7759e-02	1.7316e-09	6.1074e-07	4.7429e-06	1.3882e-02	9.1582e-06	7.7560e-06	2.1126e-15	5.4229e-11	4.9259e-10	3.5250e-10	
1.2529e-07	1.0732e+03	8.9514e-01	3.4058e-03	8.7462e-02	1.7319e-09	6.1462e-07	4.7474e-06	1.3970e-02	9.1607e-06	7.7690e-06	2.1349e-15	5.4126e-11	4.9167e-10	3.5183e-10	
1.2610e-07	1.0732e+03	8.9533e-01	3.4188e-03	8.7175e-02	1.7323e-09	6.1851e-07	4.7519e-06	1.4059e-02	9.1635e-06	7.7817e-06	2.1572e-15	5.4026e-11	4.9078e-10	3.5119e-10	
1.2761e-07	1.0732e+03	8.9566e-01	3.4428e-03	8.6654e-02	1.7329e-09	6.2581e-07	4.7605e-06	1.4225e-02	9.1692e-06	7.8047e-06	2.1991e-15	5.3844e-11	4.8917e-10	3.5001e-10	
1.3067e-07	1.0732e+03	8.9626e-01	3.4896e-03	8.5675e-02	1.7340e-09	6.4049e-07	4.7784e-06	1.4556e-02	9.1827e-06	7.8485e-06	2.2835e-15	5.3502e-11	4.8614e-10	3.4780e-10	
1.3372e-07	1.0732e+03	8.9677e-01	3.5344e-03	8.4784e-02	1.7350e-09	6.5518e-07	4.7969e-06	1.4886e-02	9.1987e-06	7.8888e-06	2.3680e-15	5.3190e-11	4.8338e-10	3.4579e-10	
1.3677e-07	1.0732e+03	8.9721e-01	3.5773e-03	8.3977e-02	1.7358e-09	6.6986e-07	4.8160e-06	1.5213e-02	9.2172e-06	7.9255e-06	2.4525e-15	5.2906e-11	4.8087e-10	3.4395e-10	
1.4031e-07	1.0732e+03	8.9765e-01	3.6252e-03	8.3117e-02	1.7366e-09	6.8688e-07	4.8387e-06	1.5589e-02	9.2406e-06	7.9651e-06	2.5508e-15	5.2603e-11	4.7820e-10	3.4200e-10	
1.4385e-07	1.0732e+03	8.9800e-01	3.6709e-03	8.2347e-02	1.7373e-09	7.0390e-07	4.8621e-06	1.5962e-02	9.2668e-06	8.0006e-06	2.6491e-15	5.2330e-11	4.7580e-10	3.4024e-10	
1.4739e-07	1.0732e+03	8.9828e-01	3.7149e-03	8.1646e-02	1.7378e-09	7.2090e-07	4.8860e-06	1.6332e-02	9.2949e-06	8.0330e-06	2.7477e-15	5.2081e-11	4.7361e-10	3.3864e-10	
1.5315e-07	1.0732e+03	8.9862e-01	3.7829e-03	8.0641e-02	1.7384e-09	7.4860e-07	4.9261e-06	1.6930e-02	9.3449e-06	8.0796e-06	2.9088e-15	5.1722e-11	4.7046e-10	3.3632e-10	
1.5892e-07	1.0732e+03	8.9884e-01	3.8471e-03	7.9770e-02	1.7387e-09	7.7626e-07	4.9672e-06	1.7520e-02	9.3987e-06	8.1197e-06	3.0706e-15	5.1409e-11	4.6772e-10	3.3430e-10	
1.6469e-07	1.0732e+03	8.9895e-01	3.9078e-03	7.9019e-02	1.7389e-09	8.0387e-07	5.0094e-06	1.8105e-02	9.4560e-06	8.1540e-06	3.2331e-15	5.1136e-11	4.6534e-10	3.3255e-10	
1.7045e-07	1.0732e+03	8.9897e-01	3.9655e-03	7.8363e-02	1.7389e-09	8.3144e-07	5.0523e-06	1.8682e-02	9.5159e-06	8.1834e-06	3.3963e-15	5.0896e-11	4.6326e-10	3.3101e-10	
1.7622e-07	1.0732e+03	8.9892e-01	4.0207e-03	7.7786e-02	1.7387e-09	8.5896e-07	5.0959e-06	1.9254e-02	9.5778e-06	8.2088e-06	3.5604e-15	5.0683e-11	4.6142e-10	3.2964e-10	
1.8199e-07	1.0732e+03	8.9881e-01	4.0737e-03	7.7275e-02	1.7384e-09	8.8642e-07	5.1400e-06	1.9820e-02	9.6413e-06	8.2307e-06	3.7255e-15	5.0493e-11	4.5978e-10	3.2842e-10	
1.8775e-07	1.0732e+03	8.9865e-01	4.1246e-03	7.6819e-02	1.7381e-09	9.1382e-07	5.1846e-06	2.0381e-02	9.7060e-06	8.2497e-06	3.8915e-15	5.0322e-11	4.5830e-10	3.2732e-10	
1.9647e-07	1.0732e+03	8.9834e-01	4.1984e-03	7.6218e-02	1.7374e-09	9.5514e-07	5.2526e-06	2.1218e-02	9.8057e-06	8.2736e-06	4.1444e-15	5.0093e-11	4.5635e-10	3.2586e-10	
2.0519e-07	1.0732e+03	8.9796e-01	4.2688e-03	7.5698e-02	1.7366e-09	9.9631e-07	5.3211e-06	2.2043e-02	9.9064e-06	8.2931e-06	4.3998e-15	4.9891e-11	4.5464e-10	3.2458e-10	
2.1391e-07	1.0732e+03	8.9753e-01	4.3364e-03	7.5248e-02	1.7356e-09	1.0373e-06	5.3901e-06	2.2857e-02	1.0008e-05	8.3088e-06	4.6577e-15	4.9714e-11	4.5314e-10	3.2344e-10	
2.2263e-07	1.0732e+03	8.9706e-01	4.4014e-03	7.4849e-02	1.7346e-09	1.0782e-06	5.4594e-06	2.3661e-02	1.0110e-05	8.3216e-06	4.9182e-15	4.9555e-11	4.5181e-10	3.2243e-10	
2.3135e-07	1.0732e+03	8.9657e-01	4.4644e-03	7.4492e-02	1.7336e-09	1.1189e-06	5.5287e-06	2.4453e-02	1.0211e-05	8.3322e-06	5.1814e-15	4.9410e-11	4.5060e-10	3.2151e-10	
2.4007e-07	1.0732e+03	8.9605e-01	4.5255e-03	7.4167e-02	1.7325e-09	1.1595e-06	5.5980e-06	2.5236e-02	1.0312e-05	8.3409e-06	5.4473e-15	4.9276e-11	4.4949e-10	3.2066e-10	
2.4879e-07	1.0732e+03	8.9551e-01	4.5851e-03	7.3870e-02	1.7314e-09	1.1999e-06	5.6673e-06	2.6009e-02	1.0412e-05	8.3481e-06	5.7160e-15	4.9152e-11	4.4846e-10	3.1988e-10	
2.6421e-07	1.0732e+03	8.9454e-01	4.6870e-03	7.3396e-02	1.7293e-09	1.2710e-06	5.7894e-06	2.7353e-02	1.0586e-05	8.3582e-06	6.1979e-15	4.8951e-11	4.4681e-10	3.1860e-10	
2.7964e-07	1.0732e+03	8.9355e-01	4.7852e-03	7.2969e-02	1.7272e-09	1.3416e-06	5.9107e-06	2.8669e-02	1.0757e-05	8.3657e-06	6.6885e-15	4.8767e-11	4.4531e-10	3.1744e-10	
2.9506e-07	1.0732e+03	8.9255e-01	4.8802e-03	7.2581e-02	1.7252e-09	1.4118e-06	6.0312e-06	2.9958e-02	1.0925e-05	8.3714e-06	7.1875e-15	4.8596e-11	4.4392e-10	3.1636e-10	
3.1048e-07	1.0732e+03	8.9156e-01	4.9726e-03	7.2215e-02	1.7231e-09	1.4814e-06	6.1505e-06	3.1221e-02	1.1088e-05	8.3761e-06	7.6951e-15	4.8434e-11	4.4261e-10	3.1534e-10	
3.2591e-07	1.0732e+03	8.9058e-01	5.0628e-03	7.1868e-02	1.7210e-09	1.5507e-06	6.2686e-06	3.2460e-02	1.1247e-05	8.3800e-06	8.2112e-15	4.8279e-11	4.4135e-10	3.1437e-10	
3.4133e-07	1.0732e+03	8.8961e-01	5.1508e-03	7.1535e-02	1.7190e-09	1.6195e-06	6.3854e-06	3.3676e-02	1.1402e-05	8.3835e-06	8.7353e-15	4.8130e-11	4.4015e-10	3.1342e-10	
3.7073e-07	1.0732e+03	8.8780e-01	5.3134e-03	7.0932e-02	1.7152e-09	1.7493e-06	6.6045e-06	3.5931e-02	1.1686e-05	8.3891e-06	9.7563e-15	4.7857e-11	4.3795e-10	3.1171e-10	
4.0012e-07	1.0732e+03	8.8604e-01	5.4702e-03	7.0354e-02	1.7115e-09	1.8777e-06	6.8187e-06	3.8110e-02	1.1957e-05	8.3945e-06	1.0805e-14	4.7596e-11	4.3583e-10	3.1006e-10	
4.2952e-07	1.0732e+03	8.8433e-01	5.6218e-03	6.9801e-02	1.7079e-09	2.0046e-06	7.0283e-06	4.0217e-02	1.2215e-05	8.3995e-06	1.1881e-14	4.7345e-11	4.3381e-10	3.0848e-10	
4.5892e-07	1.0732e+03	8.8268e-01	5.7690e-03	6.9261e-02	1.7045e-09	2.1300e-06	7.2329e-06	4.2258e-02	1.2462e-05	8.4049e-06	1.2982e-14	4.7099e-11	4.3182e-10	3.0693e-10	
4.8831e-07	1.0732e+03	8.8109e-01	5.9124e-03	6.8729e-02	1.7011e-09	2.2540e-06	7.4327e-06	4.4238e-02	1.2696e-05	8.4110e-06	1.4108e-14	4.6859e-11	4.2988e-10	3.0542e-10	
5.1771e-07	1.0732e+03	8.7955e-01	6.0522e-03	6.8210e-02	1.6979e-09	2.3767e-06	7.6278e-06	4.6158e-02	1.2921e-05	8.4173e-06	1.5258e-14	4.6625e-11	4.2798e-10	3.0394e-10	
5.4710e-07	1.0732e+03	8.7805e-01	6.1884e-03	6.7703e-02	1.6947e-09	2.4982e-06	7.8187e-06	4.8024e-02	1.3136e-05	8.4238e-06	1.6431e-14	4.6396e-11	4.2612e-10	3.0250e-10	
5.7650e-07	1.0732e+03	8.7660e-01	6.3214e-03	6.7208e-02	1.6916e-09	2.6183e-06	8.0054e-06	4.9837e-02	1.3342e-05	8.4306e-06	1.7625e-14	4.6173e-11	4.2431e-10	3.0109e-10	
6.0590e-07	1.0732e+03	8.7519e-01	6.4516e-03	6.6720e-02	1.6886e-09	2.7373e-06	8.1878e-06	5.1602e-02	1.3540e-05	8.4378e-06	1.8840e-14	4.5954e-11	4.2252e-10	2.9970e-10	
6.3529e-07	1.0732e+03	8.7383e-01	6.5793e-03	6.6240e-02	1.6857e-09	2.8550e-06	8.3661e-06	5.3319e-02	1.3730e-05	8.4453e-06	2.0075e-14	4.5739e-11	4.2077e-10	2.9834e-10	
6.8633e-07	1.0732e+03	8.7154e-01	6.7948e-03	6.5429e-02	1.6809e-09	3.0568e-06	8.6667e-06	5.6198e-02	1.4043e-05	8.4590e-06	2.2265e-14	4.5376e-11	4.1781e-10	2.9605e-10	
7.3737e-07	1.0732e+03	8.6937e-01	7.0038e-03	6.4640e-02	1.6762e-09	3.2553e-06	8.9558e-06	5.8955e-02	1.4336e-05	8.4738e-06	2.4512e-14	4.5024e-11	4.1493e-10	2.9382e-10	
7.8842e-07	1.0732e+03	8.6728e-01	7.2064e-03	6.3877e-02	1.6717e-09	3.4507e-06	9.2348e-06	6.1600e-02	1.4611e-05	8.4889e-06	2.6810e-14	4.4684e-11	4.1215e-10	2.9167e-10	
8.3946e-07	1.0732e+03	8.6528e-01	7.4033e-03	6.3137e-02	1.6674e-09	3.6430e-06	9.5039e-06	6.4141e-02	1.4871e-05	8.5046e-06	2.9157e-14	4.4355e-11	4.0945e-10	2.8958e-10	
8.9050e-07	1.0732e+03	8.6336e-01	7.5951e-03	6.2417e-02	1.6633e-09	3.8325e-06	9.7636e-06	6.6587e-02	1.5116e-05	8.5208e-06	3.1551e-14	4.4036e-11	4.0683e-10	2.8756e-10	
9.7026e-07	1.0732e+03	8.6051e-01	7.8856e-03	6.1333e-02	1.6571e-09	4.1232e-06	1.0152e-05	7.0233e-02	1.5473e-05	8.5471e-06	3.5382e-14	4.3555e-11	4.0289e-10	2.8452e-10	
1.0500e-06	1.0732e+03	8.5782e-01	8.1659e-03	6.0294e-02	1.6513e-09	4.4075e-06	1.0520e-05	7.3685e-02	1.5801e-05	8.5743e-06	3.9314e-14	4.3096e-11	3.9911e-10	2.8161e-10	
1.1298e-06	1.0732e+03	8.5526e-01	8.4369e-03	5.9299e-02	1.6457e-09	4.6859e-06	1.0869e-05	7.6963e-02	1.6104e-05	8.6023e-06	4.3341e-14	4.2657e-11	3.9550e-10	2.7882e-10	
1.2095e-06	1.0732e+03	8.5283e-01	8.6997e-03	5.8345e-02	1.6404e-09	4.9586e-06	1.1201e-05	8.0083e-02	1.6385e-05	8.6308e-06	4.7457e-14	4.2237e-11	3.9204e-10	2.7615e-10	
1.2893e-06	1.0732e+03	8.5052e-01	8.9550e-03	5.7429e-02	1.6353e-09	5.2261e-06	1.1518e-05	8.3058e-02	1.6646e-05	8.6597e-06	5.1656e-14	4.1834e-11	3.8871e-10	2.7359e-10	
1.3691e-06	1.0732e+03	8.4830e-01	9.2033e-03	5.6549e-02	1.6304e-09	5.4885e-06	1.1819e-05	8.5903e-02	1.6890e-05	8.6890e-06	5.5934e-14	4.1446e-11	3.8552e-10	2.7113e-10	
1.4963e-06	1.0732e+03	8.4496e-01	9.5866e-03	5.5214e-02	1.6230e-09	5.8973e-06	1.2272e-05	9.0196e-02	1.7246e-05	8.7363e-06	6.2913e-14	4.0859e-11	3.8068e-10	2.6739e-10	
1.6236e-06	1.0732e+03	8.4182e-01	9.9557e-03	5.3957e-02	1.6160e-09	6.2947e-06	1.2694e-05	9.4220e-02	1.7567e-05	8.7840e-06	7.0067e-14	4.0307e-11	3.7611e-10	2.6388e-10	
1.7509e-06	1.0732e+03	8.3886e-01	1.0312e-02	5.2770e-02	1.6094e-09	6.6817e-06	1.3088e-05	9.8006e-02	1.7858e-05	8.8319e-06	7.7381e-14	3.9785e-11	3.7181e-10	2.6056e-10	
1.9830e-06	1.0732e+03	8.3387e-01	1.0933e-02	5.0769e-02	1.5982e-09	7.3625e-06	1.3742e-05	1.0438e-01	1.8325e-05	8.9195e-06	9.1098e-14	3.8905e-11	3.6454e-10	2.5496e-10	
2.2151e-06	1.0732e+03	8.2930e-01	1.1522e-02	4.8952e-02	1.5878e-09	8.0141e-06	1.4325e-05	1.1018e-01	1.8723e-05	9.0067e-06	1.0525e-13	3.8105e-11	3.5794e-10	2.4986e-10	
2.4473e-06	1.0732e+03	8.2509e-01	1.2082e-02	4.7293e-02	1.5782e-09	8.6394e-06	1.4847e-05	1.1548e-01	1.9066e-05	9.0933e-06	1.1979e-13	3.7374e-11	3.5189e-10	2.4519e-10	
2.6794e-06	1.0732e+03	8.2118e-01	1.2619e-02	4.5770e-02	1.5692e-09	9.2412e-06	1.5318e-05	1.2038e-01	1.9363e-05	9.1789e-06	1.3468e-13	3.6701e-11	3.4635e-10	2.4090e-10	
2.9115e-06	1.0732e+03	8.1753e-01	1.3134e-02	4.4369e-02	1.5607e-09	9.8214e-06	1.5746e-05	1.2492e-01	1.9624e-05	9.2632e-06	1.4988e-13	3.6081e-11	3.4123e-10	2.3694e-10	
3.1436e-06	1.0732e+03	8.1409e-01	1.3630e-02	4.3074e-02	1.5528e-09	1.0382e-05	1.6134e-05	1.2915e-01	1.9854e-05	9.3462e-06	1.6536e-13	3.5506e-11	3.3649e-10	2.3327e-10	
3.3758e-06	1.0732e+03	8.1086e-01	1.4109e-02	4.1871e-02	1.5452e-09	1.0924e-05	1.6489e-05	1.3311e-01	2.0056e-05	9.4279e-06	1.8109e-13	3.4970e-11	3.3208e-10	2.2984e-10	
3.6079e-06	1.0732e+03	8.0779e-01	1.4572e-02	4.0747e-02	1.5380e-09	1.1449e-05	1.6814e-05	1.3683e-01	2.0236e-05	9.5088e-06	1.9706e-13	3.4469e-11	3.2796e-10	2.2664e-10	
3.8400e-06	1.0732e+03	8.0488e-01	1.5021e-02	3.9696e-02	1.5311e-09	1.1959e-05	1.7111e-05	1.4034e-01	2.0395e-05	9.5888e-06	2.1326e-13	3.3999e-11	3.2409e-10	2.2363e-10	
4.0722e-06	1.0732e+03	8.0211e-01	1.5457e-02	3.8713e-02	1.5245e-09	1.2454e-05	1.7386e-05	1.4366e-01	2.0538e-05	9.6671e-06	2.2965e-13	3.3558e-11	3.2047e-10	2.2081e-10	
4.3043e-06	1.0732e+03	7.9945e-01	1.5879e-02	3.7797e-02	1.5182e-09	1.2936e-05	1.7643e-05	1.4681e-01	2.0668e-05	9.7430e-06	2.4621e-13	3.3145e-11	3.1708e-10	2.1816e-10	
4.4568e-06	1.0732e+03	7.9777e-01	1.6151e-02	3.7221e-02	1.5142e-09	1.3245e-05	1.7800e-05	1.4880e-01	2.0746e-05	9.7928e-06	2.5719e-13	3.2886e-11	3.1495e-10	2.1650e-10	
4.5617e-06	1.0732e+03	7.9664e-01	1.6336e-02	3.6836e-02	1.5115e-09	1.3455e-05	1.7903e-05	1.5012e-01	2.0795e-05	9.8270e-06	2.6478e-13	3.2712e-11	3.1353e-10	2.1538e-10	
4.6666e-06	1.0732e+03	7.9553e-01	1.6519e-02	3.6462e-02	1.5088e-09	1.3662e-05	1.8003e-05	1.5142e-01	2.0843e-05	9.8608e-06	2.7241e-13	3.2543e-11	3.1214e-10	2.1430e-10	
4.7724e-06	1.0732e+03	7.9444e-01	1.6700e-02	3.6095e-02	1.5062e-09	1.3869e-05	1.8100e-05	1.5271e-01	2.0889e-05	9.8946e-06	2.8013e-13	3.2377e-11	3.1078e-10	2.1323e-10	
4.8782e-06	1.0732e+03	7.9336e-01	1.6880e-02	3.5737e-02	1.5036e-09	1.4073e-05	1.8195e-05	1.5396e-01	2.0933e-05	9.9282e-06	2.8788e-13	3.2214e-11	3.0945e-10	2.1219e-10	
4.9840e-06	1.0732e+03	7.9230e-01	1.7058e-02	3.5387e-02	1.5010e-09	1.4275e-05	1.8286e-05	1.5519e-01	2.0974e-05	9.9616e-06	2.9567e-13	3.2056e-11	3.0815e-10	2.1117e-10	
5.0898e-06	1.0732e+03	7.9126e-01	1.7234e-02	3.5045e-02	1.4985e-09	1.4475e-05	1.8374e-05	1.5640e-01	2.1014e-05	9.9949e-06	3.0348e-13	3.1900e-11	3.0688e-10	2.1017e-10	
5.1956e-06	1.0732e+03	7.9023e-01	1.7408e-02	3.4713e-02	1.4960e-09	1.4673e-05	1.8460e-05	1.5758e-01	2.1052e-05	1.0028e-05	3.1132e-13	3.1749e-11	3.0565e-10	2.0920e-10	
5.3014e-06	1.0732e+03	7.8922e-01	1.7580e-02	3.4389e-02	1.4936e-09	1.4868e-05	1.8543e-05	1.5874e-01	2.1088e-05	1.0060e-05	3.1918e-13	3.1601e-11	3.0444e-10	2.0825e-10	
5.4072e-06	1.0732e+03	7.8823e-01	1.7751e-02	3.4071e-02	1.4911e-09	1.5062e-05	1.8624e-05	1.5988e-01	2.1123e-05	1.0093e-05	3.2708e-13	3.1457e-11	3.0326e-10	2.0732e-10	
5.5130e-06	1.0732e+03	7.8726e-01	1.7919e-02	3.3761e-02	1.4888e-09	1.5253e-05	1.8702e-05	1.6100e-01	2.1156e-05	1.0125e-05	3.3499e-13	3.1315e-11	3.0210e-10	2.0641e-10	
5.6188e-06	1.0732e+03	7.8630e-01	1.8087e-02	3.3459e-02	1.4864e-09	1.5442e-05	1.8777e-05	1.6209e-01	2.1188e-05	1.0157e-05	3.4294e-13	3.1177e-11	3.0097e-10	2.0552e-10	
5.7246e-06	1.0732e+03	7.8535e-01	1.8252e-02	3.3164e-02	1.4841e-09	1.5630e-05	1.8851e-05	1.6317e-01	2.1218e-05	1.0189e-05	3.5089e-13	3.1041e-11	2.9987e-10	2.0465e-10	
5.8304e-06	1.0732e+03	7.8442e-01	1.8416e-02	3.2874e-02	1.4818e-09	1.5816e-05	1.8923e-05	1.6423e-01	2.1247e-05	1.0220e-05	3.5888e-13	3.0909e-11	2.9878e-10	2.0380e-10	
5.9362e-06	1.0732e+03	7.8350e-01	1.8578e-02	3.2591e-02	1.4796e-09	1.6000e-05	1.8992e-05	1.6526e-01	2.1274e-05	1.0252e-05	3.6690e-13	3.0779e-11	2.9772e-10	2.0296e-10	
6.0420e-06	1.0732e+03	7.8260e-01	1.8739e-02	3.2313e-02	1.4774e-09	1.6182e-05	1.9058e-05	1.6629e-01	2.1300e-05	1.0283e-05	3.7493e-13	3.0651e-11	2.9668e-10	2.0213e-10	
6.1478e-06	1.0732e+03	7.8170e-01	1.8898e-02	3.2042e-02	1.4752e-09	1.6362e-05	1.9124e-05	1.6729e-01	2.1326e-05	1.0314e-05	3.8298e-13	3.0526e-11	2.9566e-10	2.0133e-10	
6.2536e-06	1.0732e+03	7.8082e-01	1.9056e-02	3.1777e-02	1.4730e-09	1.6541e-05	1.9187e-05	1.6828e-01	2.1350e-05	1.0345e-05	3.9106e-13	3.0404e-11	2.9467e-10	2.0054e-10	
6.3594e-06	1.0732e+03	7.7996e-01	1.9213e-02	3.1516e-02	1.4709e-09	1.6717e-05	1.9249e-05	1.6925e-01	2.1373e-05	1.0375e-05	3.9915e-13	3.0284e-11	2.9369e-10	1.9977e-10	
6.4652e-06	1.0732e+03	7.7910e-01	1.9368e-02	3.1261e-02	1.4688e-09	1.6893e-05	1.9308e-05	1.7020e-01	2.1395e-05	1.0406e-05	4.0727e-13	3.0166e-11	2.9273e-10	1.9901e-10	
6.5710e-06	1.0732e+03	7.7825e-01	1.9522e-02	3.1012e-02	1.4667e-09	1.7066e-05	1.9367e-05	1.7114e-01	2.1416e-05	1.0436e-05	4.1540e-13	3.0051e-11	2.9179e-10	1.9827e-10	
6.6768e-06	1.0732e+03	7.7742e-01	1.9674e-02	3.0767e-02	1.4646e-09	1.7238e-05	1.9424e-05	1.7207e-01	2.1436e-05	1.0466e-05	4.2355e-13	2.9937e-11	2.9087e-10	1.9753e-10	
6.7826e-06	1.0732e+03	7.7660e-01	1.9825e-02	3.0527e-02	1.4626e-09	1.7409e-05	1.9479e-05	1.7298e-01	2.1455e-05	1.0496e-05	4.3172e-13	2.9826e-11	2.8997e-10	1.9682e-10	
6.8884e-06	1.0732e+03	7.7579e-01	1.9975e-02	3.0292e-02	1.4606e-09	1.7578e-05	1.9532e-05	1.7388e-01	2.1473e-05	1.0525e-05	4.3991e-13	2.9717e-11	2.8908e-10	1.9611e-10	
6.9942e-06	1.0732e+03	7.7498e-01	2.0124e-02	3.0061e-02	1.4586e-09	1.7745e-05	1.9584e-05	1.7476e-01	2.1490e-05	1.0555e-05	4.4811e-13	2.9609e-11	2.8821e-10	1.9542e-10	
7.1000e-06	1.0732e+03	7.7419e-01	2.0272e-02	2.9835e-02	1.4566e-09	1.7912e-05	1.9635e-05	1.7563e-01	2.1507e-05	1.0584e-05	4.5633e-13	2.9504e-11	2.8735e-10	1.9474e-10	
7.2058e-06	1.0732e+03	7.7341e-01	2.0418e-02	2.9613e-02	1.4546e-09	1.8076e-05	1.9684e-05	1.7649e-01	2.1522e-05	1.0613e-05	4.6456e-13	2.9401e-11	2.8651e-10	1.9407e-10	
7.3115e-06	1.0732e+03	7.7264e-01	2.0563e-02	2.9394e-02	1.4527e-09	1.8239e-05	1.9732e-05	1.7734e-01	2.1537e-05	1.0642e-05	4.7282e-13	2.9299e-11	2.8568e-10	1.9341e-10	
7.4173e-06	1.0732e+03	7.7187e-01	2.0708e-02	2.9180e-02	1.4508e-09	1.8401e-05	1.9779e-05	1.7817e-01	2.1551e-05	1.0671e-05	4.8109e-13	2.9199e-11	2.8487e-10	1.9276e-10	
7.5231e-06	1.0732e+03	7.7112e-01	2.0850e-02	2.8970e-02	1.4489e-09	1.8562e-05	1.9825e-05	1.7899e-01	2.1565e-05	1.0700e-05	4.8937e-13	2.9101e-11	2.8408e-10	1.9213e-10	
7.6289e-06	1.0732e+03	7.7037e-01	2.0992e-02	2.8764e-02	1.4471e-09	1.8721e-05	1.9869e-05	1.7980e-01	2.1578e-05	1.0728e-05	4.9766e-13	2.9004e-11	2.8329e-10	1.9150e-10	
7.7347e-06	1.0732e+03	7.6963e-01	2.1133e-02	2.8561e-02	1.4452e-09	1.8879e-05	1.9912e-05	1.8060e-01	2.1590e-05	1.0757e-05	5.0598e-13	2.8909e-11	2.8252e-10	1.9089e-10	
7.8405e-06	1.0732e+03	7.6890e-01	2.1273e-02	2.8361e-02	1.4434e-09	1.9035e-05	1.9954e-05	1.8139e-01	2.1602e-05	1.0785e-05	5.1430e-13	2.8815e-11	2.8176e-10	1.9028e-10	
7.9463e-06	1.0732e+03	7.6818e-01	2.1412e-02	2.8166e-02	1.4416e-09	1.9191e-05	1.9996e-05	1.8217e-01	2.1613e-05	1.0813e-05	5.2264e-13	2.8723e-11	2.8102e-10	1.8968e-10	
8.0521e-06	1.0732e+03	7.6747e-01	2.1549e-02	2.7974e-02	1.4398e-09	1.9345e-05	2.0036e-05	1.8294e-01	2.1624e-05	1.0840e-05	5.3099e-13	2.8633e-11	2.8029e-10	1.8910e-10	
8.1579e-06	1.0732e+03	7.6676e-01	2.1686e-02	2.7784e-02	1.4380e-09	1.9498e-05	2.0074e-05	1.8369e-01	2.1633e-05	1.0868e-05	5.3936e-13	2.8544e-11	2.7956e-10	1.8852e-10	
8.2637e-06	1.0732e+03	7.6607e-01	2.1822e-02	2.7597e-02	1.4362e-09	1.9649e-05	2.0112e-05	1.8444e-01	2.1643e-05	1.0896e-05	5.4773e-13	2.8456e-11	2.7885e-10	1.8795e-10	
8.3695e-06	1.0732e+03	7.6537e-01	2.1957e-02	2.7415e-02	1.4345e-09	1.9800e-05	2.0150e-05	1.8518e-01	2.1652e-05	1.0923e-05	5.5612e-13	2.8370e-11	2.7816e-10	1.8739e-10	
8.4753e-06	1.0732e+03	7.6469e-01	2.2091e-02	2.7235e-02	1.4328e-09	1.9949e-05	2.0186e-05	1.8591e-01	2.1660e-05	1.0950e-05	5.6451e-13	2.8285e-11	2.7747e-10	1.8684e-10	
8.5811e-06	1.0732e+03	7.6401e-01	2.2224e-02	2.7058e-02	1.4311e-09	2.0098e-05	2.0220e-05	1.8663e-01	2.1668e-05	1.0978e-05	5.7293e-13	2.8201e-11	2.7679e-10	1.8629e-10	
8.6869e-06	1.0732e+03	7.6335e-01	2.2356e-02	2.6883e-02	1.4294e-09	2.0245e-05	2.0255e-05	1.8734e-01	2.1675e-05	1.1005e-05	5.8136e-13	2.8118e-11	2.7612e-10	1.8576e-10	
8.7927e-06	1.0732e+03	7.6268e-01	2.2487e-02	2.6712e-02	1.4277e-09	2.0391e-05	2.0289e-05	1.8804e-01	2.1683e-05	1.1031e-05	5.8978e-13	2.8037e-11	2.7547e-10	1.8523e-10	
8.8706e-06	1.0732e+03	7.6220e-01	2.2584e-02	2.6588e-02	1.4265e-09	2.0498e-05	2.0313e-05	1.8856e-01	2.1688e-05	1.1051e-05	5.9601e-13	2.7978e-11	2.7499e-10	1.8485e-10	
8.9485e-06	1.0732e+03	7.6172e-01	2.2679e-02	2.6465e-02	1.4252e-09	2.0604e-05	2.0336e-05	1.8906e-01	2.1692e-05	1.1070e-05	6.0223e-13	2.7920e-11	2.7452e-10	1.8447e-10	
9.0265e-06	1.0732e+03	7.6124e-01	2.2774e-02	2.6343e-02	1.4240e-09	2.0710e-05	2.0359e-05	1.8957e-01	2.1697e-05	1.1090e-05	6.0846e-13	2.7862e-11	2.7405e-10	1.8409e-10	
9.1044e-06	1.0732e+03	7.6077e-01	2.2869e-02	2.6223e-02	1.4228e-09	2.0815e-05	2.0383e-05	1.9007e-01	2.1701e-05	1.1109e-05	6.1469e-13	2.7805e-11	2.7359e-10	1.8372e-10	
9.1823e-06	1.0732e+03	7.6030e-01	2.2963e-02	2.6104e-02	1.4216e-09	2.0919e-05	2.0405e-05	1.9056e-01	2.1705e-05	1.1129e-05	6.2093e-13	2.7748e-11	2.7313e-10	1.8335e-10	
9.2602e-06	1.0732e+03	7.5983e-01	2.3057e-02	2.5986e-02	1.4204e-09	2.1023e-05	2.0427e-05	1.9105e-01	2.1709e-05	1.1148e-05	6.2718e-13	2.7692e-11	2.7268e-10	1.8298e-10	
9.3381e-06	1.0732e+03	7.5937e-01	2.3151e-02	2.5869e-02	1.4193e-09	2.1127e-05	2.0448e-05	1.9154e-01	2.1712e-05	1.1167e-05	6.3344e-13	2.7636e-11	2.7223e-10	1.8262e-10	
9.4161e-06	1.0732e+03	7.5891e-01	2.3243e-02	2.5754e-02	1.4181e-09	2.1230e-05	2.0470e-05	1.9202e-01	2.1716e-05	1.1186e-05	6.3969e-13	2.7582e-11	2.7179e-10	1.8227e-10	
9.5409e-06	1.0732e+03	7.5818e-01	2.3392e-02	2.5573e-02	1.4162e-09	2.1394e-05	2.0503e-05	1.9278e-01	2.1721e-05	1.1217e-05	6.4972e-13	2.7495e-11	2.7109e-10	1.8170e-10	
9.6657e-06	1.0732e+03	7.5746e-01	2.3539e-02	2.5394e-02	1.4144e-09	2.1556e-05	2.0535e-05	1.9354e-01	2.1725e-05	1.1247e-05	6.5977e-13	2.7409e-11	2.7040e-10	1.8114e-10	
9.7906e-06	1.0732e+03	7.5674e-01	2.3684e-02	2.5219e-02	1.4125e-09	2.1717e-05	2.0567e-05	1.9428e-01	2.1730e-05	1.1277e-05	6.6982e-13	2.7326e-11	2.6972e-10	1.8060e-10	
9.9154e-06	1.0732e+03	7.5603e-01	2.3829e-02	2.5046e-02	1.4107e-09	2.1877e-05	2.0597e-05	1.9502e-01	2.1733e-05	1.1308e-05	6.7990e-13	2.7243e-11	2.6906e-10	1.8006e-10	
1.0040e-05	1.0732e+03	7.5533e-01	2.3973e-02	2.4876e-02	1.4089e-09	2.2035e-05	2.0626e-05	1.9574e-01	2.1736e-05	1.1337e-05	6.8998e-13	2.7161e-11	2.6840e-10	1.7953e-10	
1.0245e-05	1.0732e+03	7.5420e-01	2.4207e-02	2.4604e-02	1.4060e-09	2.2293e-05	2.0673e-05	1.9691e-01	2.1741e-05	1.1386e-05	7.0658e-13	2.7030e-11	2.6734e-10	1.7867e-10	
1.0451e-05	1.0732e+03	7.5308e-01	2.4439e-02	2.4339e-02	1.4031e-09	2.2548e-05	2.0718e-05	1.9806e-01	2.1744e-05	1.1434e-05	7.2320e-13	2.6903e-11	2.6632e-10	1.7783e-10	
1.0656e-05	1.0732e+03	7.5199e-01	2.4668e-02	2.4080e-02	1.4003e-09	2.2799e-05	2.0761e-05	1.9919e-01	2.1746e-05	1.1482e-05	7.3986e-13	2.6778e-11	2.6531e-10	1.7702e-10	
1.0861e-05	1.0732e+03	7.5091e-01	2.4894e-02	2.3828e-02	1.3975e-09	2.3048e-05	2.0802e-05	2.0029e-01	2.1748e-05	1.1530e-05	7.5653e-13	2.6656e-11	2.6433e-10	1.7622e-10	
1.1066e-05	1.0732e+03	7.4985e-01	2.5119e-02	2.3583e-02	1.3948e-09	2.3293e-05	2.0841e-05	2.0138e-01	2.1749e-05	1.1577e-05	7.7323e-13	2.6538e-11	2.6338e-10	1.7544e-10	
1.1457e-05	1.0732e+03	7.4787e-01	2.5538e-02	2.3133e-02	1.3896e-09	2.3751e-05	2.0910e-05	2.0338e-01	2.1748e-05	1.1665e-05	8.0508e-13	2.6319e-11	2.6162e-10	1.7401e-10	
1.1847e-05	1.0732e+03	7.4595e-01	2.5950e-02	2.2704e-02	1.3846e-09	2.4199e-05	2.0973e-05	2.0532e-01	2.1744e-05	1.1752e-05	8.3699e-13	2.6110e-11	2.5994e-10	1.7264e-10	
1.2237e-05	1.0732e+03	7.4409e-01	2.6354e-02	2.2294e-02	1.3798e-09	2.4637e-05	2.1031e-05	2.0719e-01	2.1738e-05	1.1837e-05	8.6899e-13	2.5909e-11	2.5833e-10	1.7132e-10	
1.2628e-05	1.0732e+03	7.4227e-01	2.6751e-02	2.1901e-02	1.3750e-09	2.5066e-05	2.1084e-05	2.0900e-01	2.1730e-05	1.1922e-05	9.0104e-13	2.5717e-11	2.5679e-10	1.7005e-10	
1.3018e-05	1.0732e+03	7.4050e-01	2.7140e-02	2.1525e-02	1.3704e-09	2.5486e-05	2.1133e-05	2.1075e-01	2.1719e-05	1.2005e-05	9.3315e-13	2.5532e-11	2.5530e-10	1.6882e-10	
1.3409e-05	1.0732e+03	7.3878e-01	2.7523e-02	2.1165e-02	1.3658e-09	2.5897e-05	2.1177e-05	2.1245e-01	2.1707e-05	1.2087e-05	9.6532e-13	2.5354e-11	2.5388e-10	1.6765e-10	
1.4138e-05	1.0732e+03	7.3568e-01	2.8220e-02	2.0530e-02	1.3576e-09	2.6643e-05	2.1249e-05	2.1549e-01	2.1681e-05	1.2236e-05	1.0255e-12	2.5039e-11	2.5136e-10	1.6556e-10	
1.4867e-05	1.0732e+03	7.3271e-01	2.8896e-02	1.9940e-02	1.3497e-09	2.7362e-05	2.1310e-05	2.1837e-01	2.1649e-05	1.2382e-05	1.0858e-12	2.4745e-11	2.4900e-10	1.6360e-10	
1.5596e-05	1.0732e+03	7.2986e-01	2.9553e-02	1.9390e-02	1.3421e-09	2.8056e-05	2.1360e-05	2.2111e-01	2.1614e-05	1.2525e-05	1.1463e-12	2.4469e-11	2.4679e-10	1.6176e-10	
1.6325e-05	1.0732e+03	7.2713e-01	3.0191e-02	1.8875e-02	1.3347e-09	2.8727e-05	2.1401e-05	2.2372e-01	2.1576e-05	1.2664e-05	1.2068e-12	2.4210e-11	2.4472e-10	1.6003e-10	
1.7507e-05	1.0732e+03	7.2292e-01	3.1191e-02	1.8107e-02	1.3233e-09	2.9770e-05	2.1451e-05	2.2770e-01	2.1508e-05	1.2883e-05	1.3051e-12	2.3820e-11	2.4160e-10	1.5741e-10	
1.8689e-05	1.0732e+03	7.1895e-01	3.2150e-02	1.7411e-02	1.3125e-09	3.0761e-05	2.1484e-05	2.3140e-01	2.1434e-05	1.3095e-05	1.4034e-12	2.3464e-11	2.3876e-10	1.5500e-10	
1.9872e-05	1.0732e+03	7.1520e-01	3.3073e-02	1.6776e-02	1.3022e-09	3.1704e-05	2.1502e-05	2.3486e-01	2.1357e-05	1.3299e-05	1.5019e-12	2.3138e-11	2.3614e-10	1.5278e-10	
2.1054e-05	1.0732e+03	7.1164e-01	3.3961e-02	1.6194e-02	1.2924e-09	3.2605e-05	2.1508e-05	2.3811e-01	2.1276e-05	1.3498e-05	1.6002e-12	2.2837e-11	2.3373e-10	1.5072e-10	
2.2237e-05	1.0732e+03	7.0826e-01	3.4819e-02	1.5659e-02	1.2830e-09	3.3466e-05	2.1505e-05	2.4117e-01	2.1193e-05	1.3690e-05	1.6986e-12	2.2558e-11	2.3149e-10	1.4880e-10	
2.3419e-05	1.0732e+03	7.0503e-01	3.5648e-02	1.5165e-02	1.2739e-09	3.4291e-05	2.1493e-05	2.4406e-01	2.1109e-05	1.3877e-05	1.7968e-12	2.2299e-11	2.2941e-10	1.4700e-10	
2.4601e-05	1.0732e+03	7.0195e-01	3.6451e-02	1.4706e-02	1.2653e-09	3.5082e-05	2.1475e-05	2.4680e-01	2.1024e-05	1.4059e-05	1.8948e-12	2.2058e-11	2.2747e-10	1.4532e-10	
2.5784e-05	1.0732e+03	6.9900e-01	3.7229e-02	1.4280e-02	1.2569e-09	3.5842e-05	2.1450e-05	2.4940e-01	2.0938e-05	1.4236e-05	1.9927e-12	2.1832e-11	2.2565e-10	1.4374e-10	
2.6966e-05	1.0732e+03	6.9617e-01	3.7984e-02	1.3881e-02	1.2488e-09	3.6573e-05	2.1419e-05	2.5187e-01	2.0851e-05	1.4408e-05	2.0904e-12	2.1620e-11	2.2394e-10	1.4224e-10	
2.8149e-05	1.0732e+03	6.9345e-01	3.8718e-02	1.3509e-02	1.2410e-09	3.7276e-05	2.1385e-05	2.5423e-01	2.0765e-05	1.4577e-05	2.1879e-12	2.1422e-11	2.2233e-10	1.4083e-10	
2.9331e-05	1.0732e+03	6.9083e-01	3.9431e-02	1.3159e-02	1.2335e-09	3.7954e-05	2.1347e-05	2.5648e-01	2.0678e-05	1.4741e-05	2.2852e-12	2.1234e-11	2.2080e-10	1.3949e-10	
3.0514e-05	1.0732e+03	6.8831e-01	4.0126e-02	1.2831e-02	1.2262e-09	3.8608e-05	2.1305e-05	2.5864e-01	2.0592e-05	1.4901e-05	2.3821e-12	2.1058e-11	2.1936e-10	1.3821e-10	
3.1696e-05	1.0732e+03	6.8588e-01	4.0803e-02	1.2521e-02	1.2191e-09	3.9240e-05	2.1261e-05	2.6070e-01	2.0506e-05	1.5059e-05	2.4789e-12	2.0891e-11	2.1799e-10	1.3700e-10	
3.2878e-05	1.0732e+03	6.8353e-01	4.1464e-02	1.2228e-02	1.2123e-09	3.9850e-05	2.1214e-05	2.6268e-01	2.0421e-05	1.5212e-05	2.5753e-12	2.0732e-11	2.1669e-10	1.3584e-10	
3.4061e-05	1.0732e+03	6.8125e-01	4.2108e-02	1.1951e-02	1.2056e-09	4.0441e-05	2.1165e-05	2.6459e-01	2.0336e-05	1.5363e-05	2.6715e-12	2.0582e-11	2.1545e-10	1.3474e-10	
3.5243e-05	1.0732e+03	6.7905e-01	4.2738e-02	1.1688e-02	1.1991e-09	4.1012e-05	2.1115e-05	2.6642e-01	2.0252e-05	1.5510e-05	2.7673e-12	2.0439e-11	2.1427e-10	1.3368e-10	
3.6426e-05	1.0732e+03	6.7692e-01	4.3353e-02	1.1439e-02	1.1928e-09	4.1566e-05	2.1063e-05	2.6819e-01	2.0169e-05	1.5655e-05	2.8629e-12	2.0303e-11	2.1314e-10	1.3266e-10	
3.8459e-05	1.0732e+03	6.7340e-01	4.4379e-02	1.1038e-02	1.1823e-09	4.2478e-05	2.0970e-05	2.7108e-01	2.0027e-05	1.5897e-05	3.0265e-12	2.0085e-11	2.1131e-10	1.3101e-10	
4.0493e-05	1.0732e+03	6.7005e-01	4.5369e-02	1.0669e-02	1.1722e-09	4.3345e-05	2.0874e-05	2.7381e-01	1.9887e-05	1.6132e-05	3.1892e-12	1.9882e-11	2.0961e-10	1.2947e-10	
4.2527e-05	1.0732e+03	6.6685e-01	4.6324e-02	1.0327e-02	1.1626e-09	4.4168e-05	2.0776e-05	2.7639e-01	1.9750e-05	1.6360e-05	3.3509e-12	1.9695e-11	2.0801e-10	1.2802e-10	
4.4561e-05	1.0732e+03	6.6380e-01	4.7248e-02	1.0010e-02	1.1533e-09	4.4953e-05	2.0677e-05	2.7884e-01	1.9616e-05	1.6581e-05	3.5116e-12	1.9521e-11	2.0652e-10	1.2665e-10	
4.6595e-05	1.0732e+03	6.6088e-01	4.8142e-02	9.7155e-03	1.1443e-09	4.5702e-05	2.0577e-05	2.8116e-01	1.9484e-05	1.6796e-05	3.6713e-12	1.9359e-11	2.0511e-10	1.2537e-10	
4.8629e-05	1.0732e+03	6.5807e-01	4.9008e-02	9.4400e-03	1.1357e-09	4.6416e-05	2.0476e-05	2.8337e-01	1.9354e-05	1.7005e-05	3.8299e-12	1.9208e-11	2.0379e-10	1.2415e-10	
5.0662e-05	1.0732e+03	6.5538e-01	4.9849e-02	9.1819e-03	1.1273e-09	4.7099e-05	2.0375e-05	2.8548e-01	1.9227e-05	1.7209e-05	3.9876e-12	1.9066e-11	2.0253e-10	1.2299e-10	
5.2696e-05	1.0732e+03	6.5279e-01	5.0666e-02	8.9397e-03	1.1192e-09	4.7752e-05	2.0273e-05	2.8750e-01	1.9102e-05	1.7409e-05	4.1443e-12	1.8933e-11	2.0134e-10	1.2189e-10	
5.4730e-05	1.0732e+03	6.5030e-01	5.1460e-02	8.7122e-03	1.1114e-09	4.8378e-05	2.0172e-05	2.8943e-01	1.8980e-05	1.7602e-05	4.2999e-12	1.8809e-11	2.0021e-10	1.2085e-10	
5.6764e-05	1.0732e+03	6.4789e-01	5.2232e-02	8.4976e-03	1.1038e-09	4.8979e-05	2.0071e-05	2.9128e-01	1.8860e-05	1.7792e-05	4.4546e-12	1.8692e-11	1.9914e-10	1.1985e-10	
5.8798e-05	1.0732e+03	6.4557e-01	5.2984e-02	8.2946e-03	1.0965e-09	4.9554e-05	1.9970e-05	2.9305e-01	1.8742e-05	1.7977e-05	4.6082e-12	1.8581e-11	1.9811e-10	1.1889e-10	
6.0278e-05	1.0732e+03	6.4392e-01	5.3520e-02	8.1538e-03	1.0912e-09	4.9959e-05	1.9897e-05	2.9430e-01	1.8657e-05	1.8110e-05	4.7194e-12	1.8505e-11	1.9739e-10	1.1823e-10	
6.1757e-05	1.0732e+03	6.4232e-01	5.4045e-02	8.0184e-03	1.0861e-09	5.0352e-05	1.9824e-05	2.9551e-01	1.8574e-05	1.8240e-05	4.8300e-12	1.8431e-11	1.9670e-10	1.1758e-10	
6.3237e-05	1.0732e+03	6.4075e-01	5.4561e-02	7.8882e-03	1.0811e-09	5.0733e-05	1.9752e-05	2.9669e-01	1.8492e-05	1.8368e-05	4.9401e-12	1.8361e-11	1.9603e-10	1.1695e-10	
6.4717e-05	1.0732e+03	6.3922e-01	5.5069e-02	7.7626e-03	1.0762e-09	5.1104e-05	1.9680e-05	2.9784e-01	1.8411e-05	1.8495e-05	5.0497e-12	1.8293e-11	1.9537e-10	1.1634e-10	
6.6197e-05	1.0732e+03	6.3773e-01	5.5567e-02	7.6416e-03	1.0713e-09	5.1465e-05	1.9608e-05	2.9896e-01	1.8331e-05	1.8619e-05	5.1587e-12	1.8228e-11	1.9474e-10	1.1575e-10	
6.7677e-05	1.0732e+03	6.3627e-01	5.6057e-02	7.5250e-03	1.0666e-09	5.1816e-05	1.9537e-05	3.0004e-01	1.8252e-05	1.8742e-05	5.2672e-12	1.8166e-11	1.9412e-10	1.1517e-10	
6.9157e-05	1.0732e+03	6.3483e-01	5.6539e-02	7.4123e-03	1.0619e-09	5.2158e-05	1.9467e-05	3.0111e-01	1.8174e-05	1.8862e-05	5.3753e-12	1.8106e-11	1.9352e-10	1.1461e-10	
7.0637e-05	1.0732e+03	6.3343e-01	5.7013e-02	7.3033e-03	1.0573e-09	5.2490e-05	1.9397e-05	3.0214e-01	1.8097e-05	1.8982e-05	5.4828e-12	1.8048e-11	1.9294e-10	1.1406e-10	
7.2995e-05	1.0732e+03	6.3126e-01	5.7752e-02	7.1372e-03	1.0502e-09	5.3001e-05	1.9286e-05	3.0374e-01	1.7976e-05	1.9168e-05	5.6530e-12	1.7960e-11	1.9205e-10	1.1322e-10	
7.5352e-05	1.0732e+03	6.2915e-01	5.8474e-02	6.9795e-03	1.0433e-09	5.3491e-05	1.9176e-05	3.0528e-01	1.7858e-05	1.9351e-05	5.8219e-12	1.7878e-11	1.9119e-10	1.1241e-10	
7.7710e-05	1.0732e+03	6.2711e-01	5.9178e-02	6.8294e-03	1.0365e-09	5.3961e-05	1.9067e-05	3.0677e-01	1.7742e-05	1.9530e-05	5.9896e-12	1.7800e-11	1.9036e-10	1.1164e-10	
8.0068e-05	1.0732e+03	6.2513e-01	5.9865e-02	6.6866e-03	1.0299e-09	5.4413e-05	1.8961e-05	3.0820e-01	1.7629e-05	1.9705e-05	6.1560e-12	1.7726e-11	1.8957e-10	1.1089e-10	
8.2426e-05	1.0732e+03	6.2321e-01	6.0537e-02	6.5506e-03	1.0235e-09	5.4847e-05	1.8855e-05	3.0959e-01	1.7518e-05	1.9876e-05	6.3212e-12	1.7657e-11	1.8880e-10	1.1018e-10	
8.6880e-05	1.0732e+03	6.1973e-01	6.1766e-02	6.3097e-03	1.0118e-09	5.5620e-05	1.8659e-05	3.1208e-01	1.7313e-05	2.0192e-05	6.6299e-12	1.7536e-11	1.8743e-10	1.0889e-10	
9.1334e-05	1.0732e+03	6.1643e-01	6.2945e-02	6.0881e-03	1.0006e-09	5.6339e-05	1.8467e-05	3.1443e-01	1.7115e-05	2.0497e-05	6.9344e-12	1.7426e-11	1.8615e-10	1.0768e-10	
9.5789e-05	1.0732e+03	6.1328e-01	6.4079e-02	5.8836e-03	9.8984e-10	5.7008e-05	1.8280e-05	3.1664e-01	1.6924e-05	2.0791e-05	7.2346e-12	1.7328e-11	1.8494e-10	1.0655e-10	
1.0024e-04	1.0732e+03	6.1029e-01	6.5171e-02	5.6938e-03	9.7950e-10	5.7631e-05	1.8097e-05	3.1874e-01	1.6739e-05	2.1076e-05	7.5309e-12	1.7238e-11	1.8380e-10	1.0548e-10	
1.0470e-04	1.0732e+03	6.0742e-01	6.6224e-02	5.5172e-03	9.6955e-10	5.8211e-05	1.7919e-05	3.2072e-01	1.6560e-05	2.1353e-05	7.8232e-12	1.7158e-11	1.8272e-10	1.0447e-10	
1.0915e-04	1.0732e+03	6.0468e-01	6.7241e-02	5.3526e-03	9.5997e-10	5.8753e-05	1.7745e-05	3.2261e-01	1.6387e-05	2.1621e-05	8.1116e-12	1.7084e-11	1.8170e-10	1.0352e-10	
1.1361e-04	1.0732e+03	6.0206e-01	6.8224e-02	5.1987e-03	9.5071e-10	5.9260e-05	1.7575e-05	3.2441e-01	1.6218e-05	2.1882e-05	8.3962e-12	1.7018e-11	1.8073e-10	1.0261e-10	
1.2032e-04	1.0732e+03	5.9829e-01	6.9647e-02	4.9844e-03	9.3734e-10	5.9962e-05	1.7327e-05	3.2696e-01	1.5974e-05	2.2261e-05	8.8185e-12	1.6930e-11	1.7935e-10	1.0133e-10	
